38236739983988694734165432078739562043022192985539262137430668335708940746618,
75464396224429349480077131280938136250135171763864118786415644398225401824888,
1581443238213958360589300231522625668875979201645807655376806748637455834488,
38440833074132974666213204059153979182961911607471795119182860104624710382630,
32982545886453421126673560428132829508047628028099220104535667359875537166648,
41850452510332526596491566408231443813194891270711043946078821043298002719315,
50878236215935749180680717430385128814287018101782830234656725550130069107115,
8355547788918427320797758182405335151180938023937152607721771753375601747076,
32855002648570444882271605817590955763924524312349503688578072844006703705472,
36675747754071108431648471044990593892074092201014469304393115864735393580856,
340615000782284491380849644441782687345761420088783237716685906247705932163,
52017052556799244053838677412597002875266850000823231967876831597835882157357,
62407609114369113055549426167418191128979673889806720191855067845488129585113,
484019119402452789583535986929420675225831860057817803429145767724838481427,
50878236215935749180680717430385128814287018101782830234656725550130069107115,
78581734160846954861564595074047613165557260481563699985806184282523093105454,
67908116550127874603815938900790333337458914654616889451692860777389002942251,
50878236215935749180680717430385128814287018101782830234656725550130069107115,
38440833074132974666213204059153979182961911607471795119182860104624710382630,
75464396224429349480077131280938136250135171763864118786415644398225401824888,
41850452510332526596491566408231443813194891270711043946078821043298002719315,
1581443238213958360589300231522625668875979201645807655376806748637455834488,
9197184852377695115002103825001541760538092753218877694261371827552270889378,
75464396224429349480077131280938136250135171763864118786415644398225401824888,
50878236215935749180680717430385128814287018101782830234656725550130069107115,
74385259208121580132681579553414368939834208807572471660243348989868586816425,
50878236215935749180680717430385128814287018101782830234656725550130069107115,
42118001989048650004722163119109267787594709696743988637885905523459074227380,
37460519452382978408144931267194973276599725243301815693492133214880191784808,
81724154006214648440207308464788852532001845086655513817880854356098082019814,
773201866745856677215694263211558862990121221670720264756475502620494529332,
32548186690554512449060590871912417325434413966216837831817140860621237999664,31574868494471620742121958851498506505103795087157444998126661192459191892072,82936973214394318253776601364589374118415696526308989136985541281225852803000,8175493134817851190740055635545219188605580339808636811158239198419278311455,50878236215935749180680717430385128814287018101782830234656725550130069107115,76150190896909729950264061806950554493982073505285261154800519550395054041125,7144198658231376113735236996157244321861316863981390257764399592899362464979,36675747754071108431648471044990593892074092201014469304393115864735393580856,50878236215935749180680717430385128814287018101782830234656725550130069107115,72791999219877102973846676234791166029348431670991788287118325052988616971628,32855002648570444882271605817590955763924524312349503688578072844006703705472,48147219406665104754171297100934373858732166490312082401587061404557126023313,8355547788918427320797758182405335151180938023937152607721771753375601747076,17183667849804038155352016671375036912821562885889316031300739359514346025838,6989751729369821588949198129854647525604938309405451604652159943984068014177,7144198658231376113735236996157244321861316863981390257764399592899362464979,71065288748686120026892729924824234967960482625351872932370917595131124834663,773201866745856677215694263211558862990121221670720264756475502620494529332,32548186690554512449060590871912417325434413966216837831817140860621237999664,62748397855348691005137998373707717891907938078865300360004110915941389452566,75507589776680267381402412649098360150359070076845974273770117297320787371431,75507589776680267381402412649098360150359070076845974273770117297320787371431,62748397855348691005137998373707717891907938078865300360004110915941389452566,75507589776680267381402412649098360150359070076845974273770117297320787371431,31636109041226253954851193409352373321266937536630583317093329224588792076069,32982545886453421126673560428132829508047628028099220104535667359875537166648,62748397855348691005137998373707717891907938078865300360004110915941389452566,50878236215935749180680717430385128814287018101782830234656725550130069107115,10278513055090904424565536279338762325192161809424662083203062548798345835555,78581734160846954861564595074047613165557260481563699985806184282523093105454,63017041307727638934720870067062761773289278580040383866929527733948519488451,63017041307727638934720870067062761773289278580040383866929527733948519488451,63017041307727638934720870067062761773289278580040383866929527733948519488451,50878236215935749180680717430385128814287018101782830234656725550130069107115,8909369463954128881344632948528836681841924704672379753895081391716874320744,62781452993408415390590378539695241831115572548382708953348818451567464080499,85010624365118653697143883281625218154435337565271470483469346748519238060480,38236739983988694734165432078739562043022192985539262137430668335708940746618,38440833074132974666213204059153979182961911607471795119182860104624710382630,38440833074132974666213204059153979182961911607471795119182860104624710382630,69648761168069530229400916569068693671996471663398197904740707760670819800066